# Number of parameters = 156 Objective function value = 611.994389683862  Maximum gradient component = 0.000307061827427821
# log_n_init:
 1.18169742598616 15.8571147175371 15.9722327302041 16.0024848293856 16.3434680486366 16.5042807463029 16.4561428171645 16.7173716147881 16.5756129705596 16.4293846647251 16.1241882989055 16.3374126583106 15.7275295420595 15.7660848945378 15.7225781048956 15.1670793548263 14.8221429845363 15.0210432610587 14.4861287237967 14.0913293654351 12.9440055309590 12.9775116744623 11.7506299701855 11.1450758071000 1.01143240819229
# nat_m_dev:
 0.718784648711051 -0.152193051524286 -0.725902986674916 -0.739616653195900 0.427375715805991 1.81435070588272 1.27683168729587 -0.145477909045114 -1.14908678432953 -1.49686072751125 -1.39471361329026 -0.933312378928011 -0.581199939663956 -0.268694743849220 0.104025440973559 1.20086087522599 0.267218684744046 -0.833928221028656 -0.614974466074119 0.853547983012227 2.25235249007625 0.360752264840124 0.00949239675322340 1.12463615133418 0.205641593521564 -0.633180851003122 -1.10246920278889 -1.31315376953871 -1.27397719181208 -1.09757703562041 -0.987209612575373 -0.702158887923833 0.241508309637815 1.50126337507254 1.54699777208521 -0.0544043594516510 -0.238080735759464 0.606104393788977 1.05113114910428 0.0765956807871322 -0.375765252243355 0.186167738470136 0.953820218301946 0.832072974782778 0.517757245150728 0.00000000000000
# q_dev:
 0.00000000000000 0.00000000000000 0.00000000000000 0.00000000000000 0.00000000000000 0.00000000000000 0.00000000000000 0.00000000000000 0.00000000000000 0.00000000000000 0.00000000000000 0.00000000000000 0.00000000000000 0.00000000000000 0.00000000000000 0.00000000000000 0.00000000000000 0.00000000000000 0.00000000000000 0.00000000000000 0.00000000000000 0.00000000000000 0.00000000000000 0.00000000000000 0.00000000000000 0.00000000000000 0.00000000000000 0.00000000000000 0.00000000000000 0.00000000000000 0.00000000000000 0.00000000000000 0.00000000000000 0.00000000000000 0.00000000000000 0.00000000000000 0.00000000000000 0.00000000000000 0.00000000000000 0.00000000000000 0.00000000000000 0.00000000000000 0.00000000000000 0.00000000000000 0.00000000000000 0.00000000000000
# log_avg_rec:
17.0483272317
# rec_devs:
 0.0409710462571 -0.168741403196 0.350484618463 0.767298444887 0.322826621230 0.0710466752345 -0.437228092501 -0.266013676065 0.0259544501735 0.211713722625 0.0632690172225 0.574250195343 0.528420665955 0.173859513118 0.523034709950 0.718313850002 0.286934336069 0.106904084896 0.793900191118 1.00967865537 -0.205584333882 -1.41621159793 -1.11334120778 0.261043806781 -0.312412283229 -0.288614925500 -0.376365592526 0.199362375983 0.180205875797 0.227962489462 -0.162256941032 0.145588122589 0.635426872828 0.509798544809 -0.375272212318 -2.61584420164 -1.01705425431 -0.276705595868 0.186647838858 0.183476314942 0.477899550681 1.47938763775 0.946285897470 -0.652589587185 -2.22036372331 0.00000000000
# sigma_m:
2.00500000000
# log_m_mu:
-1.66978170191
# prop_rec:
 23.3089803884 22.6012361317
# sigma_q:
 2.00500000000 2.00500000000
# log_f:
-1.04216952284
# f_dev:
 -0.167072481353 -2.16605692456 0.399723514761 0.868842574532 1.09448376808 1.17132564656 0.939399077309 0.185819901128 0.0311034640591 0.0435598245046 0.545558627822 0.0604779007269 0.523416202822 0.290208241830 0.296170547947 0.781985903792 0.113986081296 0.0958167559757 0.480310555642 0.623269994107 -1.58405229389 -0.773306459380 -0.340803546634 0.100873946719 -1.28497634912 -2.33006447466
# fish_ret_sel_50:
121.565591126
# fish_ret_sel_slope:
0.459508279667
# fish_tot_sel_50:
169.999999959
# fish_tot_sel_slope:
0.0554438030857
# surv_sel_50:
169.999999993
# surv_sel_slope:
0.0413399658643
# molt_sel_50:
108.877197710
# molt_sel_slope:
0.938755645666
