# Number of parameters = 155 Objective function value = 1220.30800259312  Maximum gradient component = 0.000652936474340568
# log_n_init:
 9.95371199149411 13.5360291594824 1.35642022998003 1.01023573474603 13.4579140350456 1.01326813513522 13.7788577935719 13.5302356930336 13.3745152165520 12.5022383773133 12.5130126361842 11.9188267481358 12.0631086715540 12.6549976443532 12.6480266594848 12.7817453308204 12.8402661139794 13.0301697139484 12.8416750828650 12.8414425971347 12.6922016674511 12.7502873590992 12.7882219128982 12.4408776890843 12.7130270927726 12.6069855909027 11.2469584752578 11.3190166116583 9.34715289858324 1.01047694371825 1.01051888048550
# nat_m_dev:
 -3.62828515167323 -2.95969782523434 -2.27928529488478 -1.57762194939374 -0.858857370688543 -0.147513237279694 0.490683394043545 0.956438967185281 1.14796263984563 0.973080888535578 0.502228000369515 -0.0519939962414944 -0.520574173723287 -0.816003244057025 -0.905378147189362 -0.803491001606097 -0.559176066917888 -0.245834153631622 0.0617982062507198 0.313918019585241 0.507906243448413 0.643806884213972 0.740455898184430 0.824021005629243 0.890727773468275 0.958647292935898 1.00067108009716 0.997248646953982 0.954869949293925 0.866380035572077 0.760644174465105 0.640681615333057 0.534332622709039 0.458394416766578 0.422513458301121 0.421059606621690 0.449553203901311 0.497207372518909 0.538380283167910 0.550126960310408 0.509524064706255 0.391962017700080 0.218836732320827 0.0336304706795924 -0.118872587660766 -0.207518097814164 -0.214711229434306 -0.139622959136013 0.00000000000000
# q_dev:
 0.00000000000000 0.00000000000000 0.00000000000000 0.00000000000000 0.00000000000000 0.00000000000000 0.00000000000000 0.00000000000000 0.00000000000000 0.00000000000000 0.00000000000000 0.00000000000000 0.00000000000000 0.00000000000000 0.00000000000000 0.00000000000000 0.00000000000000 0.00000000000000 0.00000000000000 0.00000000000000 0.00000000000000 0.00000000000000 0.00000000000000 0.00000000000000 0.00000000000000 0.00000000000000 0.00000000000000 0.00000000000000 0.00000000000000 0.00000000000000 0.00000000000000 0.00000000000000 0.00000000000000 0.00000000000000 0.00000000000000 0.00000000000000 0.00000000000000 0.00000000000000 0.00000000000000 0.00000000000000 0.00000000000000 0.00000000000000 0.00000000000000 0.00000000000000 0.00000000000000 0.00000000000000 0.00000000000000 0.00000000000000 0.00000000000000
# log_avg_rec:
8.69901554099
# rec_devs:
 -4.07848578219 5.41306595445 5.60679493245 5.50378435479 4.90614157380 3.88529659739 -18.3753280861 1.72765655887 2.11547844441 5.26324295084 5.43029700931 4.09201972338 6.36383056688 4.31824230988 5.59329841883 5.05224765423 5.32291208637 4.81139190742 5.43368720748 5.17341144043 4.73305048089 3.52226089033 -17.8907473483 3.57544140611 3.37805464541 -19.5350868220 4.49318972749 3.65433165066 5.36713033349 5.11278081748 -12.2861564849 3.68313682865 2.93045846028 3.03552054050 3.25533100949 2.99908051837 3.53647945288 3.17246528329 3.38961054290 3.96851241281 2.45379473049 -17.3931817364 3.50135549399 2.07365736627 -13.1552838941 -14.6864702164 -11.4330656106 -13.1063277489 0.00000000000
# sigma_m:
2.00500000000
# log_m_mu:
-1.62251792877
# prop_rec:
 7.93128812612 1.77148054082
# sigma_q:
 2.00500000000 2.00500000000
# log_f:
-2.15343612934
# f_dev:
 -0.506480855823 0.397586182560 0.218982667182 0.128753857747 0.171125427845 0.973647600684 1.06146106203 0.677725685777 0.343460786661 -1.10355034869 -0.00811706551005 -0.417068900881 0.808884821603 -0.419830230897 -0.622035999105 -0.993164698428 -0.711379992754
# fish_ret_sel_50:
136.310338521
# fish_ret_sel_slope:
0.570863873042
# fish_tot_sel_50:
108.305907350
# fish_tot_sel_slope:
0.134698828983
# surv_sel_50:
94.3057926959
# surv_sel_slope:
0.0663250245615
# molt_sel_50:
137.820833656
# molt_sel_slope:
0.142222382802
