# Number of parameters = 148 Objective function value = 551.048530723737  Maximum gradient component = 0.000797733961577862
# log_n_init:
 9.23088394927202 9.17530036277554 9.18946781911544 9.47665409095955 10.2028262794392 10.9343981466816 10.7336215101130 10.7332998854334 10.4940953723585 10.6249106475359 10.7001224739218 10.7300389356473 10.9255375099020 9.98798495417362 9.29037461852312 8.29446705456527 6.77155890672238 5.41071679136294 4.66859238248459 4.79586361262461 5.94276466581785 8.13040746931922 10.7841534733523 8.03206951908802 5.50529265360935 3.62624900786018 2.34379332363822 1.55810648261194 1.15664426705822 1.01686188925256 1.01000137382784 1.01001437666932 1.01001942584634 1.01002194521845 1.01002228409108
# nat_m_dev:
 -1.36887419849981 -1.12157478818689 -0.808959730505914 -0.374383346285492 0.176587309675674 0.590500457816489 0.864482699756264 0.711460862785707 0.125411580671116 -0.553412375665534 -1.04838599477578 -1.24664319780570 -1.13947290485708 -0.824913455326808 -0.412854045206279 -0.0241319102645982 0.310771716155299 0.687665576786974 1.04704114701790 1.14792531553724 0.611108614818003 0.238319975708949 0.0844435524753877 0.185493851222339 0.344106153414329 0.551488646413672 0.618890239199912 0.488063443173967 0.219422507487348 -0.0649670307099284 -0.0699446164385990 0.0506055465894877 0.0950196254299931 -0.0723691337257815 -0.354502629417176 -0.605394188597705 -0.678095719458324 -0.497583591001784 -0.0631648786330541 0.487620976445646 0.877884805860043 0.932924403824895 0.737530471709784 0.389622828629794 0.0792074091681985 -0.0779965947706100 -0.0659259496110389 0.00000000000000
# q_dev:
 0.00000000000000 0.00000000000000 0.00000000000000 0.00000000000000 0.00000000000000 0.00000000000000 0.00000000000000 0.00000000000000 0.00000000000000 0.00000000000000 0.00000000000000 0.00000000000000 0.00000000000000 0.00000000000000 0.00000000000000 0.00000000000000 0.00000000000000 0.00000000000000 0.00000000000000 0.00000000000000 0.00000000000000 0.00000000000000 0.00000000000000 0.00000000000000 0.00000000000000 0.00000000000000 0.00000000000000 0.00000000000000 0.00000000000000 0.00000000000000 0.00000000000000 0.00000000000000 0.00000000000000 0.00000000000000 0.00000000000000 0.00000000000000 0.00000000000000 0.00000000000000 0.00000000000000 0.00000000000000 0.00000000000000 0.00000000000000 0.00000000000000 0.00000000000000 0.00000000000000 0.00000000000000 0.00000000000000 0.00000000000000
# log_avg_rec:
10.8492048591
# rec_devs:
 -0.818377086732 -11.2986498393 3.17128101583 -11.4656065074 2.42020929418 -11.4283272153 -11.4537790099 1.96980179565 2.29879823205 3.02554498389 5.74310600705 4.22698801320 3.76114662797 5.38714328008 3.32400291831 4.14883176210 5.03783539126 6.98500172899 5.94470562527 5.77751775537 5.53434026152 4.23311104217 -10.5267724241 -10.6711166227 3.18905309421 4.57160640346 3.61458009186 5.20685786686 3.73130439981 3.98235178759 0.860819512733 3.06977653919 3.65252601672 3.69551807134 3.58504758851 3.67903671260 4.30176730689 1.90625129489 6.84873162949 -8.94999277211 3.82460991418 -9.36667565993 -10.8645736491 -10.9251060628 -9.87226494534 -9.94645590666 5.10446045163 0.00000000000
# sigma_m:
1.20000000000
# log_m_mu:
-1.22905707999
# prop_rec:
 14.2936654126 34.4547977149
# sigma_q:
 2.00500000000 2.00500000000
# log_f:
-8.27487364131
# f_dev:
 0.0509306639043 -0.233840435564 -0.0720747406001 -0.978937263098 0.735627634571 0.498294140786
# fish_ret_sel_50:
136.343420534
# fish_ret_sel_slope:
0.563422302157
# fish_tot_sel_50:
108.163508724
# fish_tot_sel_slope:
0.179350292705
# surv_sel_50:
133.947311469
# surv_sel_slope:
0.0727912779902
# molt_sel_50:
165.097040792
# molt_sel_slope:
0.107826407032
