# number of years of retained fishery data																																							
45	
# which years of retained fishery data																																							
1975	1976	1977	1978	1979	1980	1981	1982	1984	1985	1986	1987	1988	1989	1990	1991	1992	1993	1996	1997	1998	1999	2000	2001	2002	2003	2004	2005	2006	2007	2008	2009	2010	2011	2012	2013	2014	2015	2016	2017	2018	2019	2020	2021	2022
# retained catch numbers																																							
8745430	10603330	11733260	14746360	16809530	20845370	5308100	541400	794700	796900	2112000	2122100	1236800	1685800	3135382	2630446	1201129	2597084	1265860	1337308	2232600	1918470	1265502	1299382	1490324	2514225	2262950	2730321	2455618	3139337	3066288	2537222	2398487	1298446	1175752	1272273	1501209	1526974	1281194	997214	629907	548516	455262	6230	200
# number of years of retained fishery size comp data																																							
32	
# which years of retained fishery size comp data																																							
1990	1991	1992	1993	1996	1997	1998	1999	2000	2001	2002	2003	2004	2005	2006	2007	2008	2009	2010	2011	2012	2013	2014	2015	2016	2017	2018	2019	2020	2021	2022	2023
# retained catch numbers at size																																							
0	0	0	0	0	0	0	0	0	0	0	0	0	0	0	0.000285919	0.000285919	0.024874911	0.112223016	0.186847748	0.18084346	0.16726233	0.152394568	0.108649035	0.066333095
0	0	0	0	0	0	0	0	2.83E-05	2.83E-05	0	2.83E-05	8.50E-05	0	5.67E-05	0.000226648	0.001019917	0.023288098	0.110009349	0.173980792	0.197665524	0.171317676	0.14559311	0.11057597	0.066096269
0	0	0	0	0	0	0	0	4.14E-05	0.00012409	0.00012409	0.00012409	0.00012409	8.27E-05	0.000206817	0.000330907	0.001447717	0.025231635	0.092322965	0.154161152	0.174511913	0.187954997	0.160200199	0.12326274	0.079748511
0	0	0	0	0	0	0	0	0	0	0	0	9.64E-05	9.64E-05	0.000160596	0.000321192	0.001734438	0.025245712	0.124975911	0.194835228	0.180606411	0.162009379	0.135511017	0.105929209	0.068478191
0	0	0	0	0	0	0.000117509	0	0.000117509	0	0	0.000117509	0.000235018	0.000117509	0	0.000352526	0.000705053	0.023619271	0.098942421	0.152996475	0.177555817	0.184723854	0.167685076	0.123266745	0.069447709
0	0	0	0	0	0	0	0	0	0	0	0.000193861	6.46E-05	0	0	0.000258481	0.000969305	0.026300485	0.111922456	0.157867528	0.168852989	0.176930533	0.162261712	0.118836834	0.075541195
0	0	0	0	0	0	0	0	0	6.15E-05	0	0.000123039	6.15E-05	0.000123039	0.000307598	0.000307598	0.001722547	0.039249462	0.145801292	0.16056598	0.155459859	0.150784374	0.146601046	0.119347893	0.079483236
0	0	0	0	0	0	0	0	0	0	0	0	0	0	5.47E-05	0	0.000601915	0.026922025	0.170943912	0.257236662	0.218166895	0.155731874	0.08875513	0.050834473	0.030752394
0	0	0	0	0	0	0	7.33E-05	0	7.33E-05	0	0.000146649	0	7.33E-05	7.33E-05	7.33E-05	0.000659921	0.020750843	0.120985482	0.214327614	0.213667693	0.178911864	0.12047221	0.082123479	0.047587623
0	0	0	0	0	0	0	0	0	0	7.49E-05	7.49E-05	7.49E-05	7.49E-05	0.000299401	0.000149701	0.001946108	0.026796407	0.105913174	0.18241018	0.202919162	0.19505988	0.145134731	0.094161677	0.04491018
0	0	0	0	0	0	0	0	0	0	6.13E-05	0	0.000184049	0	6.13E-05	0	0.000736196	0.02601227	0.13398773	0.199509202	0.190981595	0.16809816	0.130490798	0.096564417	0.053312883
0	0	0	0	0	0	0	0	0.000285177	5.70E-05	0.000114071	0	0	0.000114071	5.70E-05	0.000342212	0.002623624	0.039810643	0.173330291	0.226544231	0.190269777	0.148748075	0.099013289	0.072491872	0.046198597
0	0	0	0	0	0	0	0	0	0	0	4.70E-05	4.70E-05	0	4.70E-05	4.70E-05	0.000610472	0.013993895	0.071284339	0.142005166	0.193848321	0.19769899	0.172434844	0.127541676	0.080394459
0	0	0	0	0	0	0	0	3.75E-05	7.50E-05	3.75E-05	0	3.75E-05	7.50E-05	3.75E-05	0.000225124	0.001425784	0.025213868	0.111023563	0.166704187	0.17863575	0.182650458	0.152521387	0.110610836	0.070688879
0	0	0	0	0	0	0	0	0	0	0	0	0	0	0.000111919	0.000167879	0.000783436	0.017067711	0.100895355	0.209009513	0.225517627	0.187465025	0.129602686	0.081813095	0.047565753
0	0	0	0	0	0	0	0	0	0	0	4.53E-05	0	0	4.53E-05	0.000135956	0.00031723	0.016541285	0.115426448	0.193102511	0.201758361	0.183630925	0.143614611	0.092359286	0.05302275
0	0	0	0	0	0	0	0	4.23E-05	4.23E-05	0	0	0	0	4.23E-05	4.23E-05	0.000338223	0.016023337	0.095083076	0.16154399	0.179131611	0.185853803	0.161670824	0.121168562	0.079017461
0	0	0	0	0	0	0	5.41E-05	0	0	0	0	0	0	0	5.41E-05	0.000486855	0.023369036	0.153521584	0.238180245	0.193065022	0.153142919	0.105593422	0.078762307	0.053770421
0	0	0	0	0	0	0	5.05E-05	0	0	0	0	0	0	5.05E-05	5.05E-05	0.000554995	0.017053481	0.134006054	0.241019173	0.221796165	0.176892028	0.106559031	0.065237134	0.036730575
0	0	0	0	0	0	0	0	0	9.32E-05	0	0	0	0	0.00027959	9.32E-05	0.00055918	0.020503262	0.155172414	0.249114632	0.227679404	0.160577819	0.100931966	0.0555452	0.02945014
0	0	0	0	0	0	0	0	0	0	0	0.000118371	0	0	0.000118371	0	0.000473485	0.009351326	0.069483902	0.144649621	0.193063447	0.198745265	0.168678977	0.130800189	0.084517045
0	0	0	0	0	0	0	0	0	0	0.000104004	0	0.000104004	0	0	0.000104004	0.000104004	0.011544462	0.077275091	0.140405616	0.165886635	0.184607384	0.171710868	0.14674987	0.101404056
0	0	0	0	0	0	0	0	0	0	0	0	0	0	0	0	0.000883002	0.023620309	0.128807947	0.200331126	0.176490066	0.150441501	0.130242826	0.114569536	0.074613687
0	0	0	0	0	0	0	0	0	0	0	0	0	0	0	8.86E-05	0.000531303	0.01239706	0.085805366	0.170193925	0.19994687	0.202691933	0.161515983	0.103338351	0.063490658
0	0	0.000387747	0	0	0	0	0	0	0	0	0	0	0	0	0	0.000678558	0.010663048	0.069115936	0.148507173	0.184955409	0.195715394	0.167312912	0.135711516	0.086952307
0	0	0	0	0	0	0	0	0	0	0	0	0.000107933	0.000107933	0	0	0.000107933	0.008850513	0.062061522	0.128008635	0.171181867	0.186508365	0.181759309	0.154883972	0.106422018
0	0	0	0	0	0	0	0	0	0	0.000146284	0	0	0	0.000146284	0	0.000146284	0.012873025	0.090257461	0.164131071	0.158864833	0.155061439	0.141018139	0.150819193	0.126535986
0	0	0	0	0	0	0	0	0	0	0	0	0	0	0	0	0.000725689	0.017271408	0.106676343	0.160377358	0.155587808	0.146444122	0.138606676	0.14107402	0.133236575
0	0	0	0	0	0	0	0	0	0	0	0	0	0	0	0	0.000808843	0.014828795	0.133728768	0.239687247	0.23564303	0.177136695	0.110272311	0.055810191	0.03208412
0	0	0	0	0	0	0	0	0	0	0	0	0	0	0	0	0	0.010416667	0.083333333	0.260416667	0.270833333	0.1875	0.09375	0.052083333	0.041666667
0	0	0	0	0	0	0	0	0	0	0	0	0	0	0	0	0	0.021276596	0.063829787	0.170212766	0.20212766	0.212765957	0.170212766	0.106382979	0.053191489
0	0	0	0	0	0	0	0	0	0	0	0	0	0	0	0	0	0.008309456	0.079942693	0.178796562	0.200573066	0.206303725	0.153868195	0.109169054	0.063037249
# number of years of discard/total data
31
# total catch years
1990	1991	1992	1993	1996	1997	1998	1999	2000	2001	2002	2003	2004	2005	2006	2007	2008	2009	2010	2011	2012	2013	2014	2015	2016	2017	2018	2019	2020	2021	2022
# total catch																																							
4825418.079	4203074.706	3401037.017	4711211.337	1631547.833	1672254.247	7735298.392	4635453.578	3091531.168	2683966.091	3204372.043	6070888.361	4968422.076	5944171.472	4074960.272	6660747.139	6838492.257	5675216.496	4731004.357	2636998.831	1765785.359	2180378.685	3230013.754	2634490.89	2228069.439	1727996.718	1540810.338	1362202.435	1118248.472	16170	10970.66667
# number of years of discard/total data
31
# total catch years
1990	1991	1992	1993	1996	1997	1998	1999	2000	2001	2002	2003	2004	2005	2006	2007	2008	2009	2010	2011	2012	2013	2014	2015	2016	2017	2018	2019	2020	2021	2022
# total numbers at size																																							
0	0	0	0.000314961	0	0.000314961	0.001574803	0.002834646	0.002834646	0.005354331	0.007244094	0.027086614	0.042204724	0.066141732	0.073700787	0.084409449	0.078425197	0.096377953	0.085669291	0.091338583	0.08976378	0.075590551	0.07496063	0.061417323	0.032440945
0	0	0	0.000805639	0.001611279	0.006646526	0.012688822	0.01550856	0.019335347	0.025780463	0.021349446	0.029808661	0.029808661	0.026988922	0.03121853	0.048338369	0.065256798	0.083383686	0.104733132	0.100302115	0.110171198	0.103121853	0.080161128	0.053172205	0.029808661
0	0	0.000282765	0	0	0.000989679	0.002827654	0.01456242	0.04467694	0.092605684	0.108440549	0.104057684	0.086667609	0.077760498	0.073801781	0.073094868	0.062632546	0.045242471	0.036193977	0.035345681	0.036052594	0.038456101	0.03011452	0.02233847	0.013855507
6.27E-05	0	0	0.000188182	0.001568185	0.003010915	0.003763643	0.004202735	0.007840923	0.021829131	0.057207377	0.081984695	0.081357421	0.084619245	0.082298331	0.088257433	0.087692887	0.093024715	0.072889223	0.064734663	0.050119182	0.042340986	0.030109146	0.025028227	0.015870029
0	0	0	0	0	0	0	0.010971787	0.032915361	0.036050157	0.018808777	0.012539185	0.018808777	0.023510972	0.023510972	0.039184953	0.05799373	0.101880878	0.086206897	0.10031348	0.12539185	0.12539185	0.087774295	0.070532915	0.028213166
0	0	0	0	0	0.000187143	0.000187143	0.000655001	0.002900721	0.011415739	0.028258632	0.04996725	0.055207261	0.061289417	0.053242257	0.049312249	0.063347993	0.07925517	0.083185178	0.091980911	0.093758772	0.092823056	0.083091607	0.064283709	0.035650791
0	0	0	2.97E-05	0.000118871	0.000475483	0.000624071	0.002793462	0.005230312	0.010193165	0.026329866	0.066092125	0.087072808	0.085557207	0.101426449	0.122971768	0.112065379	0.096225854	0.067756315	0.048410104	0.040475483	0.041337296	0.035245171	0.028499257	0.021069837
0	0	0	0	0	0	0.000148787	0.001487874	0.001339086	0.001041512	0.002231811	0.001339086	0.003273322	0.008332093	0.017854486	0.032435649	0.062341913	0.10459753	0.137925904	0.153102217	0.148638595	0.12959381	0.086743044	0.066954322	0.040618956
0	0	0	4.95E-05	0.000321814	0.003861768	0.013986533	0.030572334	0.035770868	0.036166947	0.034384593	0.032354689	0.034359838	0.047900782	0.064313298	0.073447866	0.073447866	0.07869591	0.087830478	0.090330726	0.089984157	0.071888306	0.048272106	0.031686306	0.020373304
0	0	0.000232034	0.000331477	0.00072925	0.002916998	0.006463803	0.010971891	0.017137364	0.029965526	0.040141872	0.04899231	0.049787855	0.057710156	0.070239989	0.084261469	0.07673694	0.062848051	0.060163087	0.077002121	0.084128878	0.085653673	0.064538584	0.04667197	0.022374702
0	3.08E-05	0	0.000554956	0.003823031	0.008940959	0.008077694	0.007892708	0.006135348	0.006875289	0.008170187	0.017450285	0.032619084	0.055649761	0.070787729	0.083366733	0.083459226	0.092985972	0.095514105	0.097703099	0.090396177	0.084661631	0.067118853	0.049514413	0.028271928
1.77E-05	1.77E-05	0.000532217	0.002643344	0.006226937	0.007788107	0.01261354	0.028544564	0.045415839	0.048999432	0.041229066	0.035835935	0.039685637	0.046196424	0.050205791	0.060087284	0.076000568	0.096065143	0.101901788	0.090317201	0.070234885	0.054818337	0.038000284	0.028118791	0.018503406
0	0	2.25E-05	6.76E-05	0.000157739	0.003718142	0.011717782	0.025328436	0.030714109	0.037564504	0.052369471	0.068188476	0.06316335	0.060008563	0.048561192	0.042251617	0.038015188	0.042206548	0.05295536	0.07213196	0.08979877	0.094373211	0.077066949	0.056943912	0.032674584
0	1.70E-05	0	3.39E-05	0.000245938	0.000780216	0.001306014	0.002917331	0.009023373	0.024899081	0.036627769	0.041097052	0.053190407	0.05779538	0.068099325	0.088953153	0.088300146	0.083177855	0.070821602	0.070465416	0.069600394	0.077885953	0.065351606	0.053266732	0.036144374
0	0	1.32E-05	9.25E-05	0.000132128	0.000990962	0.004320596	0.014917288	0.025249723	0.023915226	0.018867925	0.018603668	0.025276148	0.037590508	0.044540458	0.052230326	0.065535648	0.084126103	0.100192907	0.116008668	0.11489879	0.103297923	0.07347656	0.047434068	0.028288674
0	0	4.75E-05	0.000284772	0.001123267	0.003741585	0.005663795	0.007562274	0.014760673	0.030794909	0.044036799	0.049487015	0.048324197	0.048419121	0.049305078	0.060545654	0.075353789	0.091316832	0.091356384	0.091633246	0.085067673	0.080954302	0.058765831	0.040247751	0.021207591
0	0	1.04E-05	4.16E-05	9.37E-05	0.000541176	0.002029411	0.007461988	0.013394112	0.01227013	0.013133931	0.020314923	0.035509486	0.054190473	0.079480055	0.107517146	0.111659225	0.10008638	0.083549283	0.069707661	0.073870555	0.070394538	0.064524858	0.048258349	0.031960619
0	1.97E-05	9.83E-06	0.000157335	0.000570338	0.001160344	0.001642181	0.002438689	0.003343363	0.006165555	0.015615474	0.028005585	0.037671839	0.042716384	0.048862273	0.073504828	0.108344642	0.139929593	0.133931205	0.108216807	0.082836746	0.059610203	0.046590753	0.034947981	0.02370838
1.33E-05	3.99E-05	0.000119778	0.000279482	0.000718668	0.00099815	0.002116078	0.005150454	0.00689389	0.008717177	0.00968871	0.016396279	0.027469091	0.040884228	0.063908223	0.092481933	0.114334766	0.128042694	0.124502589	0.110461944	0.093373614	0.069803963	0.042933763	0.024647653	0.016023636
0	0	0.000247413	0.000719748	0.001664417	0.005308142	0.00888439	0.014080072	0.012843005	0.012190733	0.014507422	0.016891588	0.021120108	0.028789924	0.04091318	0.063495277	0.088843905	0.114732344	0.132816014	0.129509672	0.114394962	0.08340081	0.050854701	0.02811516	0.015677013
0	0	4.78E-05	0.000334384	0.000334384	0.00057323	0.001433075	0.003057227	0.005780071	0.013853062	0.017865673	0.021018439	0.017770135	0.021018439	0.027562816	0.041654724	0.062577625	0.083691602	0.093245438	0.107002962	0.113642878	0.132941626	0.107862807	0.078150377	0.048581255
5.41E-05	0	0	0	0.000270739	0.001299545	0.003059346	0.004223522	0.007661902	0.013076673	0.02203812	0.038092917	0.047731211	0.050276153	0.060239333	0.06457115	0.074642625	0.079922027	0.078487113	0.080761317	0.079542993	0.092511371	0.084145549	0.070094217	0.047298029
0	0	3.07E-05	9.20E-05	0.00046025	0.001227333	0.001472799	0.001564849	0.003191065	0.005768464	0.009603878	0.013285876	0.020649873	0.028566169	0.040900862	0.055015188	0.081402841	0.099260532	0.113988524	0.11570679	0.104875579	0.095333067	0.083090424	0.071829646	0.052683256
0	0	0	3.24E-05	9.72E-05	0.000680691	0.001231727	0.003306214	0.006482772	0.009626916	0.009529675	0.016044861	0.026060744	0.044374575	0.054358043	0.07280153	0.070791871	0.077760851	0.091309844	0.108878156	0.111049885	0.116106447	0.082947068	0.059998055	0.03653042
0	2.90E-05	0	0	5.80E-05	0.00052189	0.003131342	0.00518991	0.007625399	0.008872137	0.015772688	0.023137141	0.028790954	0.034908669	0.047173094	0.062075964	0.076282981	0.080574079	0.084865178	0.09414323	0.104233111	0.108553204	0.095389968	0.073528559	0.04514352
2.86E-05	2.86E-05	5.71E-05	0.000228487	0.000314169	0.001199554	0.006426185	0.019564162	0.037785965	0.041870163	0.033501842	0.023362751	0.023305629	0.030274469	0.037700283	0.054351241	0.064147602	0.072830092	0.070745152	0.084340102	0.097106789	0.094736241	0.089738097	0.069031503	0.047325279
0	2.95E-05	0	5.91E-05	0.000738574	0.004815504	0.01223079	0.012673934	0.012378505	0.02168454	0.039823924	0.065555851	0.070725871	0.074566457	0.069662324	0.073059765	0.075186859	0.074034683	0.070607699	0.063694644	0.055658956	0.05509764	0.051995628	0.052438772	0.043280451
0	0	0	0	3.70E-05	0.000111107	0.000703678	0.003518388	0.013518018	0.024369468	0.02366579	0.022480649	0.028035999	0.047294545	0.066182734	0.098737084	0.102292508	0.106773823	0.096107552	0.08236732	0.065479056	0.060479242	0.051886967	0.056590497	0.049368542
0	0	0	0	5.77E-05	0.001673882	0.006984127	0.013737374	0.014256854	0.016681097	0.021010101	0.034862915	0.046810967	0.061875902	0.059278499	0.06031746	0.066089466	0.092640693	0.117287157	0.118441558	0.106493506	0.078037518	0.042655123	0.024704185	0.016103896
0	0	0	0	0.000397772	0.001193317	0.008750994	0.011137629	0.012330947	0.025855211	0.027048528	0.047334924	0.048528242	0.071599045	0.071599045	0.096260939	0.11097852	0.103420843	0.092283214	0.090294352	0.08353222	0.045743835	0.029435163	0.015910899	0.00636436
0	0	0	0	0	0	0.000733138	0.000733138	0	0.000733138	0.011730205	0.010997067	0.008797654	0.027859238	0.05058651	0.065249267	0.090909091	0.069648094	0.099706745	0.129032258	0.127565982	0.118768328	0.091642229	0.063782991	0.031524927
# sigma_numbers_ret
0.05
# sigma_number_tot
0.05
# discard survival
0.8	
# eff_ret_samp
100
# eff_tot_samp
100