# Number of parameters = 180 Objective function value = 1851.81334909606  Maximum gradient component = 0.000522667212963572
# log_n_init:
 15.5148049554810 16.6867363856562 17.0697769129722 17.1469545249188 17.1295496635970 17.2356836189021 16.8462822994862 16.8978577771781 16.7821028764182 16.4205637448208 16.3145094973987 16.2927822249755 16.1518377583753 16.2056036366306 15.9755394218874 15.8997527117196 15.8110632701285 15.8103215087082 15.6688137606648 15.6567541372032 15.4029361626074 14.9246606001298 14.5536574169503 14.3107298223035 13.1572306236821
# nat_m_dev:
 -1.12094042352426 -0.435088624342737 0.208905003026438 0.894447480920599 0.220700649782476 1.49109097890909 0.568386098348198 1.07293056145125 0.656135905263188 1.81251874764242 -0.116393309780761 -0.575233068092249 0.164834977360009 0.0230877754401108 0.348845857839391 0.578119787034213 -0.487006168805509 -0.858615664023348 -0.672157542900439 -0.731939970055622 -0.809290393807021 -0.606735502317928 0.0992460878286112 0.628025024955953 0.103154025335820 -0.744984828591264 -1.42841614732009 -1.50851692419601 -1.22181654444648 -0.355477099366756 0.903732727038113 0.638363292016133 0.649017188278680 0.410949443868066 -0.655305214694983 -1.15434029685491 -1.07462578147719 -1.07772609567124 -0.860799972863344 0.411338282838194 1.01095070842922 0.912396563175603 0.713935462508128 0.860452589288469 1.34724573486284 0.257134797398842 1.25236138587828 -0.684160832349894 0.00000000000000
# q_dev:
 0.00000000000000 0.00000000000000 0.00000000000000 0.00000000000000 0.00000000000000 0.00000000000000 0.00000000000000 0.00000000000000 0.00000000000000 0.00000000000000 0.00000000000000 0.00000000000000 0.00000000000000 0.00000000000000 0.00000000000000 0.00000000000000 0.00000000000000 0.00000000000000 0.00000000000000 0.00000000000000 0.00000000000000 0.00000000000000 0.00000000000000 0.00000000000000 0.00000000000000 0.00000000000000 0.00000000000000 0.00000000000000 0.00000000000000 0.00000000000000 0.00000000000000 0.00000000000000 0.00000000000000 0.00000000000000 0.00000000000000 0.00000000000000 0.00000000000000 0.00000000000000 0.00000000000000 0.00000000000000 0.00000000000000 0.00000000000000 0.00000000000000 0.00000000000000 0.00000000000000 0.00000000000000 0.00000000000000 0.00000000000000 0.00000000000000
# log_avg_rec:
16.7839620147
# rec_devs:
 0.981356418951 1.18134315225 2.04986167883 1.91924272315 1.97517261421 2.87145131575 2.32527089871 1.94082326793 0.560052204691 0.980860659539 -0.814218278728 -1.33033857137 -0.397377249948 -0.0753131473923 -0.691775708842 -1.50120325898 -1.52744548804 -1.24093406469 0.432809324505 -0.960682964387 -0.682804413156 -0.278335942464 0.533572666908 -0.950442598597 -0.159052833908 0.322875021206 -0.385507330911 0.0989221679062 0.971418537848 0.280512537273 0.328207972300 -0.916542848457 -0.983994811936 -0.432146107005 -1.48022249850 -0.313285307839 -1.81365554090 -1.24565982482 -0.294490244931 -0.273671779790 -1.26868910281 -1.73298107035 0.282266571840 0.639180231706 -0.440194527797 -0.680425290063 -3.52474659803 -3.23444732396 0.00000000000
# sigma_m:
1.00000000000
# log_m_mu:
-1.49977510796
# prop_rec:
 12.6406986974 12.4667453252
# sigma_q:
 2.00500000000 2.00500000000
# log_f:
-1.38072572589
# f_dev:
 0.645064528063 0.556743697743 0.439433579911 0.654999672687 1.00643093549 1.91219143337 2.36851731555 -0.0726149565298 -0.305308094803 0.360433137332 0.969545120399 0.401208487706 -0.490527775343 -0.281258316304 0.473265185341 0.685874378071 0.226612160681 0.826947243751 -0.708250869222 -0.755988831382 0.387650519499 0.218195296718 -0.289236800559 -0.496228867518 -0.530986510516 -0.159544759268 -0.521240761092 -0.352165037187 -0.333169415136 0.234523548537 0.544009423654 0.499814010327 0.306122821733 -0.397227398078 -0.758901861026 -0.701728599364 -0.475851060965 -0.359733793863 -0.0354580818300 0.162085882446 0.290056893602 0.715860900631 1.29805536884 -3.15552312680 -5.00269662530
# fish_ret_sel_50:
136.343420534
# fish_ret_sel_slope:
0.563422302157
# fish_tot_sel_50:
107.152873671
# fish_tot_sel_slope:
0.137356993438
# surv_sel_50:
87.9766739698
# surv_sel_slope:
0.0755174253583
# molt_sel_50:
138.793208265
# molt_sel_slope:
0.148548114607
