# Number of parameters = 311 Objective function value = 799.527359724156  Maximum gradient component = 0.000517510973373564
# log_n_imm:
 19.2528189560674 19.2267628674734 19.0065590751687 16.9332937234398 17.7054080342980 17.3093399825695 17.9478750518959 17.8355567255089 17.4173719643593 17.5161405116920 17.6825601849076 17.6349747675458 17.4707660291892 17.3561243393471 17.1374040489821 17.2804554263827 17.0127740213115 16.9829714092110 16.6343759043553 16.6680451470364 16.4006993459198 15.8562446131681 15.1448687517969 14.7580877626371 13.5282744650085 12.6435909900995 1.01050491246275 1.51285945459467 1.11128240134792 1.79010383734231 1.95352683790288 1.31902413869672
# log_n_mat:
 17.7947375270093 18.0494040596635 17.5600720087814 17.8557891200362 17.0624971539681 16.5331990280628 13.8579862686282 14.4450738915252 14.8461476140542 14.5583230664702 15.3398233723303 15.9202539389694 16.2933472545987 16.8360270063854 17.1571200334539 17.1067704531385 17.2766871445374 17.5360808215063 17.5413783803253 17.9279988549855 18.0226348839168 18.1594067976405 18.4178238359843 18.6380237573753 18.2078170441905 18.3465900943793 18.3876598846157 18.0883918779402 17.6057318052503 16.9379691391708 16.0109010220714 14.8931674712556
# nat_m_dev:
 0.270009380957651 0.410773977777907 1.03127973371086 0.456924558801196 -0.0898718196935085 0.135186379445529 0.0981130525116344 -0.266199722359117 -0.217939838228738 -0.351705300679529 -0.753267655511105 -0.947483520522903 -1.09393708344515 -1.18144318672928 -1.17795440706883 -1.08990921884069 -0.850092872119007 -0.502511668064946 0.198443972582140 1.78710011757976 0.380578063472351 0.143838541492210 -0.0676218014884638 -0.142307155670598 -0.198763996571839 -0.321266844480389 -0.163123429602258 -0.370384839365527 -0.636666877310815 -0.888572801433151 -0.915928269375995 -0.765393691878493 -0.330302892691864 1.41399068402413 -0.278867470635900 -0.415566844091795 -0.346472282303454 -0.111356441219942 0.0828334820106524 1.08090906966899 1.87449604269130 1.24451080003719 0.189199977734713 0.644284942659021 1.85197259471763 0.420060852068401 0.347199058412402 0.0909038055994242 0.322302843428208
# nat_m_mat_dev:
 0.512392672746251 0.171769303823735 0.127536519261056 -0.0536846759335681 -0.715965682384497 0.00204947950907924 0.801258471603559 0.537334316409837 -0.605844350398667 -1.08933056100830 -1.42177341697208 -1.45930513839703 -1.45622681466306 -1.20425715244746 -0.756966698830654 -0.00563678998966638 0.531488793787057 0.949493058168122 0.0928272869938775 -0.340428048638742 -0.0853356105801344 1.41614085128467 -0.0337875610612242 -0.412224378003430 -0.396129569074908 -0.426593785286728 -0.750809655169251 -0.821641192738375 -0.646513334734289 0.528103517166506 1.16855313654447 1.22559446083594 -0.0584136046396864 -0.744705323825085 0.112200412817166 0.0448753710945226 -0.0672858147512286 -0.0773496714980555 0.703113181500204 0.657178648043244 -0.430087371239710 -0.154350642029888 0.535697843150000 1.31118212858874 1.23392087232656 0.492962132749040 0.920093447366325 0.103981881308558 0.0348990572172083
# nat_m_lg_dev:
 0.00000000000000 0.00000000000000 0.00000000000000 0.00000000000000 0.00000000000000 0.00000000000000 0.00000000000000 0.00000000000000 0.00000000000000 0.00000000000000 0.00000000000000 0.00000000000000 0.00000000000000 0.00000000000000 0.00000000000000 0.00000000000000 0.00000000000000 0.00000000000000 0.00000000000000 0.00000000000000 0.00000000000000 0.00000000000000 0.00000000000000 0.00000000000000 0.00000000000000 0.00000000000000 0.00000000000000 0.00000000000000 0.00000000000000 0.00000000000000 0.00000000000000 0.00000000000000 0.00000000000000 0.00000000000000 0.00000000000000 0.00000000000000 0.00000000000000 0.00000000000000 0.00000000000000 0.00000000000000 0.00000000000000 0.00000000000000 0.00000000000000 0.00000000000000 0.00000000000000 0.00000000000000 0.00000000000000 0.00000000000000 0.00000000000000
# q_dev:
 0.00000000000000 0.00000000000000 0.00000000000000 0.00000000000000 0.00000000000000 0.00000000000000 0.00000000000000 0.00000000000000 0.00000000000000 0.00000000000000 0.00000000000000 0.00000000000000 0.00000000000000 0.00000000000000 0.00000000000000 0.00000000000000 0.00000000000000 0.00000000000000 0.00000000000000 0.00000000000000 0.00000000000000 0.00000000000000 0.00000000000000 0.00000000000000 0.00000000000000 0.00000000000000 0.00000000000000 0.00000000000000 0.00000000000000 0.00000000000000 0.00000000000000 0.00000000000000 0.00000000000000 0.00000000000000 0.00000000000000 0.00000000000000 0.00000000000000 0.00000000000000 0.00000000000000 0.00000000000000 0.00000000000000 0.00000000000000 0.00000000000000 0.00000000000000 0.00000000000000 0.00000000000000 0.00000000000000 0.00000000000000 0.00000000000000
# q_mat_dev:
 0.00000000000000 0.00000000000000 0.00000000000000 0.00000000000000 0.00000000000000 0.00000000000000 0.00000000000000 0.00000000000000 0.00000000000000 0.00000000000000 0.00000000000000 0.00000000000000 0.00000000000000 0.00000000000000 0.00000000000000 0.00000000000000 0.00000000000000 0.00000000000000 0.00000000000000 0.00000000000000 0.00000000000000 0.00000000000000 0.00000000000000 0.00000000000000 0.00000000000000 0.00000000000000 0.00000000000000 0.00000000000000 0.00000000000000 0.00000000000000 0.00000000000000 0.00000000000000 0.00000000000000 0.00000000000000 0.00000000000000 0.00000000000000 0.00000000000000 0.00000000000000 0.00000000000000 0.00000000000000 0.00000000000000 0.00000000000000 0.00000000000000 0.00000000000000 0.00000000000000 0.00000000000000 0.00000000000000 0.00000000000000 0.00000000000000
# q_lg_dev:
 0.00000000000000 0.00000000000000 0.00000000000000 0.00000000000000 0.00000000000000 0.00000000000000 0.00000000000000 0.00000000000000 0.00000000000000 0.00000000000000 0.00000000000000 0.00000000000000 0.00000000000000 0.00000000000000 0.00000000000000 0.00000000000000 0.00000000000000 0.00000000000000 0.00000000000000 0.00000000000000 0.00000000000000 0.00000000000000 0.00000000000000 0.00000000000000 0.00000000000000 0.00000000000000 0.00000000000000 0.00000000000000 0.00000000000000 0.00000000000000 0.00000000000000 0.00000000000000 0.00000000000000 0.00000000000000 0.00000000000000 0.00000000000000 0.00000000000000 0.00000000000000 0.00000000000000 0.00000000000000 0.00000000000000 0.00000000000000 0.00000000000000 0.00000000000000 0.00000000000000 0.00000000000000 0.00000000000000 0.00000000000000 0.00000000000000
# log_avg_rec:
18.3345567983
# rec_devs:
 1.97649200179 1.48391237032 -9.96227716652 -1.61123674572 -1.56089706110 0.124437107532 -0.122921526301 1.29855847530 0.477119996547 0.710612293161 1.31065820817 0.487107536805 -0.424623047972 -0.130656554207 -1.95100306298 -0.585822510486 -0.430807315692 -0.469638813592 -0.362549282016 0.0700099174366 -0.826743415947 0.183928271620 -0.264578574875 1.34848149007 0.808820965414 1.42521858794 -2.46871671694 1.08100663719 0.539343915463 -0.174579964658 -0.594022358045 0.117010850506 1.27806085605 1.31560208353 0.448304030203 -0.325968920448 -0.294163305854 0.279419267309 -0.293102192028 0.445391702498 0.980749676053 1.61939668576 0.532093535118 1.17927283050 -0.0823538071493 1.59706290230 2.09894641224 1.77822141541 0.00000000000
# sigma_m:
 1.50000000000 1.50000000000 1.00000000000
# log_m_mu:
 -2.25763643826 -1.32132366756 -1.17063628368
# prop_rec:
 24.9250463047 3.69488985907
# sigma_q:
 2.00500000000 2.00500000000
# log_f:
-1.35821876817
# f_dev:
 -1.59089191469 -0.745486774926 -0.335827675840 -0.305932717366 -0.129088686088 -0.0322848753241 -0.454279581843 -0.764372842245 -2.17555417765 -1.38196552250 -1.57771638215 -0.521698830666 0.631098033558 1.27456376901 1.30927242460 1.55296985054 0.814249376440 0.124993645287 -0.0425708336010 -1.05713549427 -1.31770618108 -0.320783141994 -0.373837567774 -1.36058629025 -2.01446141360 -0.470879418764 1.61681430547 2.06560123278 0.0448965390428 1.02347047609 2.51365792213 2.20577486348 1.79569788419
# fish_ret_sel_50:
141.849706966
# fish_ret_sel_50_post:
137.156850420
# fish_ret_sel_slope:
0.412081698652
# fish_ret_sel_slope_post:
0.147001405622
# fish_tot_sel_slope:
0.126710959850
# surv_q:
0.442417335485
# surv_slope:
0.0619170779582
# surv_50:
49.7123141720
# surv_q_2:
0.304356079861
# surv_slope_2:
0.129338861269
# surv_50_2:
53.9386635086
