# Number of parameters = 308 Objective function value = 744.396660830267  Maximum gradient component = 0.000536725926301446
# log_n_imm:
 18.6691408068136 19.8117772843780 19.8393525600485 17.6736978215720 18.5256117595483 18.1739200499819 18.8321631344243 18.6842175047015 18.2339088806216 18.2965016776059 18.3750909354270 18.2436501516455 18.0067009738342 17.8206130481333 17.5265108862173 17.6009283354645 17.2796712737288 17.2022308641667 16.7885278561719 16.7567609289664 16.4674149600274 15.9382925371870 15.2452116234254 14.8631500290335 13.6222068419719 12.7183852336929 1.61673304543904 1.10385002954736 1.23966998580590 1.24935464028278 1.08223302589520 1.51135149420891
# log_n_mat:
 17.6480332973064 18.1238569484520 17.8708457238182 18.4078677658812 17.8400325512274 17.4928963049861 15.6721611071273 16.1619078955674 16.3561742655976 16.1175601169078 16.7134338671745 17.0350227224268 17.2004989096826 17.5407171553654 17.6691323343332 17.4771613677033 17.4827134646560 17.6412771925391 17.5626555252422 17.9291292731987 17.9967606596390 18.0643301525171 18.2211005571649 18.3656071782968 17.9288337576509 18.1606886647106 18.3052394769878 18.0606779090361 17.6116554916960 16.9669978560697 16.0916082962492 14.9765126079717
# nat_m_dev:
 0.388577919369422 0.0273301161247211 -0.0713345306164944 -0.200047431518695 -0.346718099642106 0.0248183639859466 -0.0110272965528909 -0.359061628113288 -0.351576319407715 -0.385039665854941 -0.744169156934204 -0.918250799807861 -1.04546420654071 -1.10960198615159 -0.969893932307702 -0.677486223690286 -0.250004671337235 0.0885428942264849 0.921327397919499 1.14150312933959 0.386086871846519 0.202239559292634 0.00679198187805120 0.0374203829520209 -0.0141778173455637 -0.162988843213548 0.156076670166451 -0.0845898362095857 -0.426052741733816 -0.800610581421772 -0.842431605907311 -0.701596418587500 -0.232575069171846 1.55176565006381 -0.347955862309949 -0.489199814051585 -0.380743637779477 0.0289579433464559 0.314646525172344 1.17673826262479 1.14167883533799 0.841802556211308 0.0735123809794628 0.467503019152968 1.04959827821200 0.625450005306082 0.416958451270251 0.0564669754692085 0.796804005959655
# nat_m_mat_dev:
 0.352394801801715 0.145082854515691 0.288290925045595 0.0666056622307064 -0.747514891095364 -0.270646380231583 -0.0653526826262708 0.771723683541801 -0.0424060571564952 -0.700708566232083 -1.17529035223415 -1.24285904085325 -1.22360251882883 -0.937578247766871 -0.566124946643935 -0.320936945163367 0.0198193632813345 0.979502625357399 0.0890077660430398 -0.150615577138092 -0.0310026424139237 1.10379161241770 -0.0932957700245817 -0.429525142571316 -0.396866182137344 -0.410040910645946 -0.710238690590987 -0.787768478407653 -0.658019049033920 0.353502783277115 0.640265584144891 1.42131063535545 0.152651167400335 -0.706118383509970 0.135391377941006 0.0792905167739791 -0.0250268526856602 -0.0992015061892921 0.571664451268690 0.723695469543597 -0.407656697117721 -0.282062730439358 0.220489995444747 1.10318821464034 1.59516316702550 0.203162790735360 1.16547754644759 0.325379264566344 -0.0263930170619586
# nat_m_lg_dev:
 0.00000000000000 0.00000000000000 0.00000000000000 0.00000000000000 0.00000000000000 0.00000000000000 0.00000000000000 0.00000000000000 0.00000000000000 0.00000000000000 0.00000000000000 0.00000000000000 0.00000000000000 0.00000000000000 0.00000000000000 0.00000000000000 0.00000000000000 0.00000000000000 0.00000000000000 0.00000000000000 0.00000000000000 0.00000000000000 0.00000000000000 0.00000000000000 0.00000000000000 0.00000000000000 0.00000000000000 0.00000000000000 0.00000000000000 0.00000000000000 0.00000000000000 0.00000000000000 0.00000000000000 0.00000000000000 0.00000000000000 0.00000000000000 0.00000000000000 0.00000000000000 0.00000000000000 0.00000000000000 0.00000000000000 0.00000000000000 0.00000000000000 0.00000000000000 0.00000000000000 0.00000000000000 0.00000000000000 0.00000000000000 0.00000000000000
# q_dev:
 0.00000000000000 0.00000000000000 0.00000000000000 0.00000000000000 0.00000000000000 0.00000000000000 0.00000000000000 0.00000000000000 0.00000000000000 0.00000000000000 0.00000000000000 0.00000000000000 0.00000000000000 0.00000000000000 0.00000000000000 0.00000000000000 0.00000000000000 0.00000000000000 0.00000000000000 0.00000000000000 0.00000000000000 0.00000000000000 0.00000000000000 0.00000000000000 0.00000000000000 0.00000000000000 0.00000000000000 0.00000000000000 0.00000000000000 0.00000000000000 0.00000000000000 0.00000000000000 0.00000000000000 0.00000000000000 0.00000000000000 0.00000000000000 0.00000000000000 0.00000000000000 0.00000000000000 0.00000000000000 0.00000000000000 0.00000000000000 0.00000000000000 0.00000000000000 0.00000000000000 0.00000000000000 0.00000000000000 0.00000000000000 0.00000000000000
# q_mat_dev:
 0.00000000000000 0.00000000000000 0.00000000000000 0.00000000000000 0.00000000000000 0.00000000000000 0.00000000000000 0.00000000000000 0.00000000000000 0.00000000000000 0.00000000000000 0.00000000000000 0.00000000000000 0.00000000000000 0.00000000000000 0.00000000000000 0.00000000000000 0.00000000000000 0.00000000000000 0.00000000000000 0.00000000000000 0.00000000000000 0.00000000000000 0.00000000000000 0.00000000000000 0.00000000000000 0.00000000000000 0.00000000000000 0.00000000000000 0.00000000000000 0.00000000000000 0.00000000000000 0.00000000000000 0.00000000000000 0.00000000000000 0.00000000000000 0.00000000000000 0.00000000000000 0.00000000000000 0.00000000000000 0.00000000000000 0.00000000000000 0.00000000000000 0.00000000000000 0.00000000000000 0.00000000000000 0.00000000000000 0.00000000000000 0.00000000000000
# q_lg_dev:
 0.00000000000000 0.00000000000000 0.00000000000000 0.00000000000000 0.00000000000000 0.00000000000000 0.00000000000000 0.00000000000000 0.00000000000000 0.00000000000000 0.00000000000000 0.00000000000000 0.00000000000000 0.00000000000000 0.00000000000000 0.00000000000000 0.00000000000000 0.00000000000000 0.00000000000000 0.00000000000000 0.00000000000000 0.00000000000000 0.00000000000000 0.00000000000000 0.00000000000000 0.00000000000000 0.00000000000000 0.00000000000000 0.00000000000000 0.00000000000000 0.00000000000000 0.00000000000000 0.00000000000000 0.00000000000000 0.00000000000000 0.00000000000000 0.00000000000000 0.00000000000000 0.00000000000000 0.00000000000000 0.00000000000000 0.00000000000000 0.00000000000000 0.00000000000000 0.00000000000000 0.00000000000000 0.00000000000000 0.00000000000000 0.00000000000000
# log_avg_rec:
19.5499185463
# rec_devs:
 1.28106418221 0.996388358755 -1.78928119948 -1.81458382815 -1.98139912019 -0.240798911408 -0.199884914169 1.06463691530 0.232865134061 0.164097061268 0.843287216689 0.515861714362 -0.261341592450 0.0814926055052 -1.03724626502 -0.319436535248 -0.136511463309 -0.0525715137744 -0.292175043624 0.0689246701905 -0.704944393787 0.167864844577 -0.291354739628 1.27694708106 0.635457293496 1.61178547899 -9.99681324272 0.990032106382 0.918397139550 0.0373677006561 -0.131323670195 0.194981647516 1.51733512027 1.57649472508 0.799699284962 0.0356615177147 -0.0378202460347 0.699631725634 -0.0447330282087 0.331421131865 0.948055965047 1.68845165157 0.789412443098 1.30312468562 0.485188978898 1.52478249055 2.04749850550 1.61509851123 0.00000000000
# sigma_m:
 1.20000000000 1.20000000000 1.00000000000
# log_m_mu:
 -1.52644055718 -1.14850666385 -1.02749989644
# prop_rec:
 33.4235795265 10.0318643790
# sigma_q:
 2.00500000000 2.00500000000
# log_f:
-1.32181523100
# f_dev:
 -1.46124427600 -0.585092504372 -0.0648970974187 0.107628438119 0.383383326451 0.565032513308 -0.0185035112532 -0.366651231274 -1.71909134353 -0.938922704633 -1.15783565820 -0.133244291257 0.958953799023 1.47599095010 1.03368228109 1.30550049142 0.592506357742 -0.0318637417694 -0.162201298272 -1.27111331240 -1.80689598052 -0.655570273158 -0.620760749017 -1.73336535432 -2.35172437299 -0.710591700632 1.36881323184 1.84088682888 -0.304927460792 0.524033498589 2.47270440598 1.96848399594 1.49689674332
# fish_ret_sel_50:
143.031296052
# fish_ret_sel_50_post:
137.300783484
# fish_ret_sel_slope:
0.360518622154
# fish_ret_sel_slope_post:
0.140182595852
# fish_tot_sel_slope:
0.129946543974
# surv_q:
0.494282259595
# surv_slope:
0.0322651314794
# surv_50:
106.767753563
