ParName   Value   Gradient
log_n_imm(1)       19.389 -5.32258e-05
log_n_imm(2)      18.5925 -7.48286e-05
log_n_imm(3)      19.0117 -8.78978e-05
log_n_imm(4)      16.5464  3.06591e-05
log_n_imm(5)      17.1286  9.60756e-06
log_n_imm(6)      17.2709  4.42903e-06
log_n_imm(7)      17.5396  5.05375e-05
log_n_imm(8)      17.3509  2.36921e-05
log_n_imm(9)      17.0603  1.00278e-05
log_n_imm(10)      17.0851 -4.09956e-06
log_n_imm(11)      17.1464   8.9932e-06
log_n_imm(12)      17.1675  4.50113e-06
log_n_imm(13)      17.0214  5.57849e-06
log_n_imm(14)      16.7816 -3.54188e-06
log_n_imm(15)       16.503 -1.68452e-06
log_n_imm(16)      16.7622  8.42068e-07
log_n_imm(17)      16.5285 -4.79889e-06
log_n_imm(18)      16.4499  7.79623e-06
log_n_imm(19)      15.9845 -1.18413e-06
log_n_imm(20)      15.9694 -1.02729e-05
log_n_imm(21)      15.7782 -9.89458e-06
log_n_imm(22)      15.5485 -3.35914e-06
log_n_imm(23)      15.8414 -9.44269e-06
log_n_imm(24)       15.931 -1.91892e-06
log_n_imm(25)      14.2615 -1.99079e-05
log_n_imm(26)      13.2762  1.62461e-06
log_n_imm(27)      2.02645  1.20178e-06
log_n_imm(28)      3.15563  -6.6068e-06
log_n_imm(29)      1.07125 -1.01352e-06
log_n_imm(30)      2.65272 -3.77685e-06
log_n_imm(31)      1.85055 -9.43721e-07
log_n_imm(32)      1.72437 -5.77242e-07
log_n_mat(1)      17.6763  1.42464e-05
log_n_mat(2)      17.9314  3.20261e-06
log_n_mat(3)      17.8744 -3.56771e-07
log_n_mat(4)      17.7405 -8.45042e-06
log_n_mat(5)      16.8567 -7.23897e-06
log_n_mat(6)      16.7442  6.16421e-06
log_n_mat(7)      13.4436 -2.93749e-05
log_n_mat(8)      13.9858  3.33196e-06
log_n_mat(9)      14.6998  2.53755e-05
log_n_mat(10)       14.382 -4.22228e-05
log_n_mat(11)      14.9157 -4.12773e-06
log_n_mat(12)       15.495  7.77893e-06
log_n_mat(13)      15.8734  1.15988e-05
log_n_mat(14)      16.1623 -1.50265e-06
log_n_mat(15)      16.3739  1.57444e-05
log_n_mat(16)      16.6049  1.22838e-06
log_n_mat(17)      16.7926  1.82051e-06
log_n_mat(18)      17.0359  1.00977e-05
log_n_mat(19)       17.033  1.53691e-06
log_n_mat(20)      17.4462 -4.52658e-07
log_n_mat(21)      17.6639  3.99842e-05
log_n_mat(22)      18.1955  1.10152e-05
log_n_mat(23)      19.4863  1.96264e-05
log_n_mat(24)      19.8695 -4.10161e-05
log_n_mat(25)      19.2269 -0.000132826
log_n_mat(26)      19.1018  5.85969e-06
log_n_mat(27)      18.9257   1.3119e-05
log_n_mat(28)      18.4984 -7.62062e-06
log_n_mat(29)      17.9289 -5.21252e-06
log_n_mat(30)      17.2475  2.99313e-05
log_n_mat(31)      16.3242 -1.61822e-06
log_n_mat(32)      15.1486 -1.25673e-05
nat_m_dev(1975)     0.227394 -3.19266e-06
nat_m_dev(1976)     0.439737  6.33316e-07
nat_m_dev(1977)      1.61865  1.61508e-05
nat_m_dev(1978)     0.631641 -1.76631e-06
nat_m_dev(1979)   -0.0341026 -6.31719e-06
nat_m_dev(1980)      0.36248 -1.65147e-06
nat_m_dev(1981)     0.351802 -5.98698e-06
nat_m_dev(1982)   -0.0380057 -6.19911e-06
nat_m_dev(1983)   -0.0999297 -3.06189e-06
nat_m_dev(1984)    -0.344132 -6.42299e-06
nat_m_dev(1985)    -0.743621  6.04535e-06
nat_m_dev(1986)    -0.909963 -4.77149e-06
nat_m_dev(1987)      -1.0293 -9.38099e-06
nat_m_dev(1988)     -1.10999 -1.03132e-05
nat_m_dev(1989)     -1.10539 -1.21695e-05
nat_m_dev(1990)     -1.04993 -1.07053e-05
nat_m_dev(1991)    -0.866658 -1.17568e-05
nat_m_dev(1992)    -0.546616 -1.31945e-05
nat_m_dev(1993)     0.106442  -2.4618e-06
nat_m_dev(1994)      1.57826  2.00678e-05
nat_m_dev(1995)     0.304362 -9.68828e-08
nat_m_dev(1996)    0.0602418 -7.16925e-06
nat_m_dev(1997)    -0.156096 -7.94517e-06
nat_m_dev(1998)    -0.236092 -1.17132e-05
nat_m_dev(1999)     -0.29152 -1.48886e-05
nat_m_dev(2000)    -0.393772 -1.02991e-05
nat_m_dev(2001)    -0.233209 -1.44032e-05
nat_m_dev(2002)    -0.410274 -8.15489e-06
nat_m_dev(2003)    -0.654202 -3.24535e-06
nat_m_dev(2004)    -0.905185 -5.66983e-06
nat_m_dev(2005)     -0.93785 -3.14926e-06
nat_m_dev(2006)    -0.799475  -4.9239e-06
nat_m_dev(2007)     -0.37526 -2.70968e-06
nat_m_dev(2008)      1.35896  2.34635e-05
nat_m_dev(2009)    -0.345163 -3.07409e-06
nat_m_dev(2010)    -0.490371 -4.86398e-06
nat_m_dev(2011)    -0.423537  -1.8278e-05
nat_m_dev(2012)    -0.164821 -1.19934e-05
nat_m_dev(2013)      0.06169 -1.56847e-05
nat_m_dev(2014)      1.12547  3.89766e-06
nat_m_dev(2015)      1.82654  3.05625e-05
nat_m_dev(2016)      1.22124  1.71166e-05
nat_m_dev(2017)     0.139431 -2.73874e-06
nat_m_dev(2018)     0.546076 -1.80323e-06
nat_m_dev(2019)      1.84467  1.47104e-05
nat_m_dev(2020)     0.362134 -2.95366e-06
nat_m_dev(2021)     0.287733 -4.26674e-06
nat_m_dev(2022)    0.0188798 -1.16529e-06
nat_m_dev(2023)     0.220624 -4.01252e-06
nat_m_mat_dev(1975)     0.545418  8.60398e-07
nat_m_mat_dev(1976)     0.334082 -3.25835e-05
nat_m_mat_dev(1977)     0.428776 -1.60358e-05
nat_m_mat_dev(1978)      0.55101   4.4965e-06
nat_m_mat_dev(1979)    -0.450171 -2.18463e-06
nat_m_mat_dev(1980)     0.409265  2.11986e-05
nat_m_mat_dev(1981)     0.203959  1.18457e-05
nat_m_mat_dev(1982)    0.0105598  1.10593e-05
nat_m_mat_dev(1983)     -0.59553   4.6125e-06
nat_m_mat_dev(1984)     -1.01507 -8.49827e-07
nat_m_mat_dev(1985)     -1.38937  1.46075e-06
nat_m_mat_dev(1986)     -1.45915   4.3024e-06
nat_m_mat_dev(1987)     -1.49276  3.23116e-06
nat_m_mat_dev(1988)      -1.3004  5.40063e-06
nat_m_mat_dev(1989)    -0.949772  1.79142e-06
nat_m_mat_dev(1990)    -0.352295  1.36389e-05
nat_m_mat_dev(1991)     0.397676  1.66408e-05
nat_m_mat_dev(1992)     0.872348 -2.98187e-06
nat_m_mat_dev(1993)     0.149938 -4.27306e-05
nat_m_mat_dev(1994)    -0.313831 -1.73481e-05
nat_m_mat_dev(1995)   -0.0789699 -1.47758e-05
nat_m_mat_dev(1996)      1.45468 -1.61904e-05
nat_m_mat_dev(1997)     0.021654  5.06862e-06
nat_m_mat_dev(1998)    -0.353756 -1.48508e-06
nat_m_mat_dev(1999)    -0.321032  7.80025e-07
nat_m_mat_dev(2000)    -0.378926  1.22325e-06
nat_m_mat_dev(2001)    -0.753069 -7.89027e-06
nat_m_mat_dev(2002)    -0.843636 -6.44691e-06
nat_m_mat_dev(2003)    -0.692128 -5.57528e-06
nat_m_mat_dev(2004)     0.379482 -6.33467e-06
nat_m_mat_dev(2005)      1.03778 -2.37503e-05
nat_m_mat_dev(2006)      1.29827  2.10607e-07
nat_m_mat_dev(2007)   -0.0897049  5.53076e-06
nat_m_mat_dev(2008)    -0.775188  1.49566e-06
nat_m_mat_dev(2009)     0.119824  1.84297e-05
nat_m_mat_dev(2010)     0.111172  1.01858e-05
nat_m_mat_dev(2011)   -0.0193884  4.71682e-06
nat_m_mat_dev(2012)   -0.0903302  1.13131e-05
nat_m_mat_dev(2013)     0.619062  4.25801e-05
nat_m_mat_dev(2014)      0.69002 -4.02934e-06
nat_m_mat_dev(2015)    -0.403073  -2.2905e-05
nat_m_mat_dev(2016)    -0.143717    6.306e-06
nat_m_mat_dev(2017)     0.534909  1.38347e-05
nat_m_mat_dev(2018)       1.3094  3.67407e-05
nat_m_mat_dev(2019)      1.31988  3.42677e-05
nat_m_mat_dev(2020)     0.375524  2.70775e-05
nat_m_mat_dev(2021)      0.92079  2.18752e-05
nat_m_mat_dev(2022)     0.143823  2.62143e-06
nat_m_mat_dev(2023)     0.021969  2.82033e-07
nat_m_lg_dev(1975)            0            0
nat_m_lg_dev(1976)            0            0
nat_m_lg_dev(1977)            0            0
nat_m_lg_dev(1978)            0            0
nat_m_lg_dev(1979)            0            0
nat_m_lg_dev(1980)            0            0
nat_m_lg_dev(1981)            0            0
nat_m_lg_dev(1982)            0            0
nat_m_lg_dev(1983)            0            0
nat_m_lg_dev(1984)            0            0
nat_m_lg_dev(1985)            0            0
nat_m_lg_dev(1986)            0            0
nat_m_lg_dev(1987)            0            0
nat_m_lg_dev(1988)            0            0
nat_m_lg_dev(1989)            0            0
nat_m_lg_dev(1990)            0            0
nat_m_lg_dev(1991)            0            0
nat_m_lg_dev(1992)            0            0
nat_m_lg_dev(1993)            0            0
nat_m_lg_dev(1994)            0            0
nat_m_lg_dev(1995)            0            0
nat_m_lg_dev(1996)            0            0
nat_m_lg_dev(1997)            0            0
nat_m_lg_dev(1998)            0            0
nat_m_lg_dev(1999)            0            0
nat_m_lg_dev(2000)            0            0
nat_m_lg_dev(2001)            0            0
nat_m_lg_dev(2002)            0            0
nat_m_lg_dev(2003)            0            0
nat_m_lg_dev(2004)            0            0
nat_m_lg_dev(2005)            0            0
nat_m_lg_dev(2006)            0            0
nat_m_lg_dev(2007)            0            0
nat_m_lg_dev(2008)            0            0
nat_m_lg_dev(2009)            0            0
nat_m_lg_dev(2010)            0            0
nat_m_lg_dev(2011)            0            0
nat_m_lg_dev(2012)            0            0
nat_m_lg_dev(2013)            0            0
nat_m_lg_dev(2014)            0            0
nat_m_lg_dev(2015)            0            0
nat_m_lg_dev(2016)            0            0
nat_m_lg_dev(2017)            0            0
nat_m_lg_dev(2018)            0            0
nat_m_lg_dev(2019)            0            0
nat_m_lg_dev(2020)            0            0
nat_m_lg_dev(2021)            0            0
nat_m_lg_dev(2022)            0            0
nat_m_lg_dev(2023)            0            0
log_avg_rec      18.5296 -3.45073e-06
rec_devs(1975)      1.52805 -2.10844e-06
rec_devs(1976)      1.67615  1.08806e-05
rec_devs(1977)     -4.76021  5.72731e-06
rec_devs(1978)     -1.47585  2.06059e-05
rec_devs(1979)     -1.96035  8.62765e-06
rec_devs(1980)   -0.0993018 -2.98445e-06
rec_devs(1981)     -0.46184  7.01858e-06
rec_devs(1982)     0.991451 -6.01674e-05
rec_devs(1983)     0.125251 -5.57161e-05
rec_devs(1984)     0.412493 -5.55101e-05
rec_devs(1985)       1.0149  7.40796e-05
rec_devs(1986)     0.357088  0.000163898
rec_devs(1987)    -0.633363  6.34807e-05
rec_devs(1988)    -0.314261  0.000101303
rec_devs(1989)     -1.99635  5.57978e-05
rec_devs(1990)    -0.879195 -1.89359e-05
rec_devs(1991)    -0.770359 -0.000326589
rec_devs(1992)    -0.752143 -2.28559e-05
rec_devs(1993)    -0.729849 -8.08264e-05
rec_devs(1994)    -0.209882  0.000139972
rec_devs(1995)     -1.07853  6.58435e-05
rec_devs(1996)    -0.060562  0.000146114
rec_devs(1997)    -0.550768  5.68972e-05
rec_devs(1998)      1.08559  2.54422e-05
rec_devs(1999)     0.521594  6.46393e-05
rec_devs(2000)      1.27282  4.55857e-05
rec_devs(2001)      -8.0721  2.55346e-05
rec_devs(2002)     0.829336  -5.5308e-05
rec_devs(2003)     0.440535 -0.000109801
rec_devs(2004)    -0.424264 -1.71734e-05
rec_devs(2005)    -0.785617 -7.34778e-08
rec_devs(2006)    -0.239155 -3.20259e-05
rec_devs(2007)     0.970668 -0.000156088
rec_devs(2008)      1.09844  0.000101988
rec_devs(2009)     0.306777  0.000174067
rec_devs(2010)    -0.513286  5.50706e-05
rec_devs(2011)    -0.596468  7.20578e-05
rec_devs(2012)     0.070265  3.73754e-05
rec_devs(2013)    -0.595958 -1.77638e-05
rec_devs(2014)    0.0713423 -0.000124611
rec_devs(2015)     0.653505 -9.12858e-05
rec_devs(2016)      1.34538  0.000230281
rec_devs(2017)     0.319945  8.61032e-05
rec_devs(2018)     0.984171    5.904e-05
rec_devs(2019)    -0.602717  1.05331e-05
rec_devs(2020)      1.24657 -3.53069e-05
rec_devs(2021)      1.79712 -2.21799e-05
rec_devs(2022)      1.56499  1.56062e-05
rec_devs(2023)            0  8.67446e-06
log_m_mu(1)     -2.28797   0.00015874
log_m_mu(2)     -1.31728  0.000113872
log_m_mu(3)     -1.15752 -1.54765e-08
prop_rec(1)      27.7528  1.34853e-05
prop_rec(2)      7.24482 -8.48459e-05
log_f     -1.56156 -0.000261338
f_dev(1)     -2.06851 -1.04162e-05
f_dev(2)     -1.15229  1.08708e-05
f_dev(3)    -0.673263  6.36708e-06
f_dev(4)    -0.507118  1.43682e-05
f_dev(5)    -0.237328   2.1314e-05
f_dev(6)   -0.0705001  1.93782e-05
f_dev(7)    -0.620435  2.33376e-05
f_dev(8)     -1.10279 -9.90323e-06
f_dev(9)     -2.47762  -1.6036e-05
f_dev(10)      -1.5704 -1.26555e-05
f_dev(11)     -1.72303 -7.14067e-06
f_dev(12)    -0.631589  6.85741e-06
f_dev(13)     0.571009  3.26419e-05
f_dev(14)       1.1952   2.4458e-05
f_dev(15)      1.33107 -5.49261e-05
f_dev(16)      1.64036 -0.000118245
f_dev(17)     0.960608 -3.27282e-05
f_dev(18)     0.316169  5.45268e-06
f_dev(19)     0.146179  1.79637e-05
f_dev(20)    -0.844971  5.11912e-05
f_dev(21)     -1.23645  1.95223e-05
f_dev(22)    -0.179611  3.54243e-05
f_dev(23)     -0.18417 -4.79523e-06
f_dev(24)     -1.17176  -2.6742e-05
f_dev(25)     -1.82909 -3.79626e-05
f_dev(26)    -0.304303 -7.77945e-05
f_dev(27)       1.7789 -2.06273e-05
f_dev(28)      2.24981  4.39318e-05
f_dev(29)     0.215475  4.18431e-07
f_dev(30)      1.18172  -2.8057e-07
f_dev(31)        2.715  1.30489e-05
f_dev(32)      2.34956  4.69636e-06
f_dev(33)      1.93417  2.19924e-06
fish_ret_sel_50      141.933  0.000276305
fish_ret_sel_50_post      137.088 -0.000161277
fish_ret_sel_slope     0.383745  1.06712e-05
fish_ret_sel_slope_post     0.147049 -9.73116e-06
fish_tot_sel_slope      0.12532 -0.000302047
est_sel_par(1)      0.10838  4.06506e-06
est_sel_par(2)     0.120176  5.00973e-05
est_sel_par(3)     0.136885   8.2051e-06
est_sel_par(4)     0.220658  2.94701e-05
est_sel_par(5)     0.227669  1.17962e-06
est_sel_par(6)      0.22895 -1.23921e-06
est_sel_par(7)     0.272425 -3.84032e-07
est_sel_par(8)     0.278138 -1.31206e-06
est_sel_par(9)     0.279831  -2.2696e-06
est_sel_par(10)     0.315141  8.12172e-06
est_sel_par(11)     0.351378  8.53809e-07
est_sel_par(12)     0.364771 -1.75991e-06
est_sel_par(13)     0.374473  1.61204e-06
est_sel_par(14)     0.404449  2.90104e-06
est_sel_par(15)     0.406691  7.51266e-06
est_sel_par(16)     0.389605  3.78188e-06
est_sel_par(17)     0.392723   2.5992e-06
est_sel_par(18)     0.424364  3.30155e-06
est_sel_par(19)     0.454965 -1.87872e-06
est_sel_par(20)     0.464442  -2.3981e-06
est_sel_par(21)     0.466721 -1.29189e-06
est_sel_par(22)     0.483315 -4.56295e-06
est_sel_par(23)     0.473447  1.17895e-06
est_sel_par(24)     0.456395  3.09521e-06
est_sel_par(25)     0.459509   5.8534e-06
est_sel_par(26)     0.446291  7.58265e-06
est_sel_par(27)     0.439951 -8.43734e-07
est_sel_par(28)     0.436039 -1.67093e-07
est_sel_par(29)     0.429901    1.356e-06
est_sel_par(30)     0.426467 -2.05377e-06
est_sel_par(31)     0.424486  5.20147e-06
est_sel_par(32)     0.424068 -1.50833e-06
est_sel_par2(1)    0.0119803  4.29298e-07
est_sel_par2(2)     0.025938  1.03123e-06
est_sel_par2(3)    0.0194185  1.12994e-06
est_sel_par2(4)    0.0647201 -9.33646e-06
est_sel_par2(5)     0.130721 -1.09602e-05
est_sel_par2(6)     0.113643 -8.87795e-06
est_sel_par2(7)     0.252425  2.36453e-06
est_sel_par2(8)     0.341241  7.00416e-07
est_sel_par2(9)      0.33495  3.52125e-06
est_sel_par2(10)     0.372147 -6.27569e-06
est_sel_par2(11)     0.438005  1.09201e-06
est_sel_par2(12)     0.443407  1.25789e-05
est_sel_par2(13)     0.449195 -3.87551e-06
est_sel_par2(14)     0.505633 -1.76892e-06
est_sel_par2(15)     0.534788 -1.87023e-06
est_sel_par2(16)     0.489817 -3.80712e-07
est_sel_par2(17)     0.491245 -1.21806e-06
est_sel_par2(18)     0.503077  1.79472e-06
est_sel_par2(19)     0.517764  1.47826e-06
est_sel_par2(20)     0.520999  4.50255e-07
est_sel_par2(21)     0.482129  4.51923e-06
est_sel_par2(22)     0.353075   3.2818e-06
est_sel_par2(23)     0.123815 -9.07082e-06
est_sel_par2(24)    0.0740872  1.10861e-05
est_sel_par2(25)     0.117686 -8.62464e-06
est_sel_par2(26)     0.131207  3.88958e-06
est_sel_par2(27)     0.145601 -7.78138e-06
est_sel_par2(28)     0.154915 -5.84724e-07
est_sel_par2(29)     0.168246   -1.911e-06
est_sel_par2(30)     0.169819  6.82441e-06
est_sel_par2(31)     0.164822  4.36413e-08
est_sel_par2(32)     0.150868 -5.12743e-07
