# Number of parameters = 369 Objective function value = 706.096262011022  Maximum gradient component = 0.000326588649645424
# log_n_imm:
 19.3889676585044 18.5925292405353 19.0117268301138 16.5464488341830 17.1286403565178 17.2708598291099 17.5395932192858 17.3508840133978 17.0602840927543 17.0850627148556 17.1464416408872 17.1674587045823 17.0214033048065 16.7815893799316 16.5030340951176 16.7621916658624 16.5285243706861 16.4498877962899 15.9844928100899 15.9694395894317 15.7781510846447 15.5485209142219 15.8413573827042 15.9309957441625 14.2615159541920 13.2761750938628 2.02644601592575 3.15562782141769 1.07124615681406 2.65272336337015 1.85054846263350 1.72437491963506
# log_n_mat:
 17.6763431219195 17.9314366582356 17.8744368736897 17.7404650264994 16.8567443100459 16.7441750839540 13.4436306471222 13.9857962804374 14.6997792390747 14.3820104944438 14.9156794554128 15.4949590378183 15.8733901455079 16.1623177633689 16.3739135193166 16.6049249972109 16.7925740243470 17.0358744549844 17.0329818140584 17.4461685004697 17.6638514733384 18.1954663154293 19.4863455590486 19.8694827270143 19.2269248488107 19.1018410441229 18.9257129074498 18.4983534636715 17.9289180637279 17.2475391319492 16.3242383115156 15.1485627687290
# nat_m_dev:
 0.227394174564797 0.439736740161220 1.61864915722515 0.631640543415715 -0.0341025664807543 0.362480026630071 0.351801522697728 -0.0380057108984057 -0.0999296810519838 -0.344132139991813 -0.743620910319841 -0.909963445367092 -1.02929715478711 -1.10999489039979 -1.10538581397853 -1.04992548351974 -0.866658440180445 -0.546615654142285 0.106442016806117 1.57825601725422 0.304361568941369 0.0602418093565878 -0.156095745331571 -0.236092388874651 -0.291519894946836 -0.393772429518667 -0.233209357141314 -0.410274091868589 -0.654202489498306 -0.905185309790569 -0.937850120677816 -0.799475416673633 -0.375260322344638 1.35896359784797 -0.345163453436073 -0.490371381425238 -0.423536829410264 -0.164821435727742 0.0616900130105347 1.12547168788252 1.82654060286901 1.22124362377363 0.139431005762415 0.546075968949508 1.84467187829373 0.362133806051695 0.287733470643977 0.0188797884132790 0.220623537232467
# nat_m_mat_dev:
 0.545417662094571 0.334082408135811 0.428775718046107 0.551010157765716 -0.450171409250664 0.409264818827190 0.203958985461867 0.0105598439057981 -0.595529774856780 -1.01506747895554 -1.38937395618257 -1.45915492323085 -1.49275623681709 -1.30039880672906 -0.949771686667732 -0.352294828601769 0.397676106894102 0.872347778258390 0.149938175912443 -0.313831305514336 -0.0789699479783377 1.45468495494557 0.0216539722160165 -0.353756204953098 -0.321031671488725 -0.378925776530018 -0.753069000104192 -0.843636157205963 -0.692128057710650 0.379481616164904 1.03777835956563 1.29826574732142 -0.0897049227568887 -0.775188355629749 0.119824465658284 0.111172341189515 -0.0193883912021742 -0.0903302053396755 0.619062376850060 0.690020064638974 -0.403073133928768 -0.143717019065565 0.534909246548349 1.30939695536177 1.31988173708303 0.375524056170835 0.920789864618469 0.143822830376662 0.0219690066887013
# nat_m_lg_dev:
 0.00000000000000 0.00000000000000 0.00000000000000 0.00000000000000 0.00000000000000 0.00000000000000 0.00000000000000 0.00000000000000 0.00000000000000 0.00000000000000 0.00000000000000 0.00000000000000 0.00000000000000 0.00000000000000 0.00000000000000 0.00000000000000 0.00000000000000 0.00000000000000 0.00000000000000 0.00000000000000 0.00000000000000 0.00000000000000 0.00000000000000 0.00000000000000 0.00000000000000 0.00000000000000 0.00000000000000 0.00000000000000 0.00000000000000 0.00000000000000 0.00000000000000 0.00000000000000 0.00000000000000 0.00000000000000 0.00000000000000 0.00000000000000 0.00000000000000 0.00000000000000 0.00000000000000 0.00000000000000 0.00000000000000 0.00000000000000 0.00000000000000 0.00000000000000 0.00000000000000 0.00000000000000 0.00000000000000 0.00000000000000 0.00000000000000
# q_dev:
 0.00000000000000 0.00000000000000 0.00000000000000 0.00000000000000 0.00000000000000 0.00000000000000 0.00000000000000 0.00000000000000 0.00000000000000 0.00000000000000 0.00000000000000 0.00000000000000 0.00000000000000 0.00000000000000 0.00000000000000 0.00000000000000 0.00000000000000 0.00000000000000 0.00000000000000 0.00000000000000 0.00000000000000 0.00000000000000 0.00000000000000 0.00000000000000 0.00000000000000 0.00000000000000 0.00000000000000 0.00000000000000 0.00000000000000 0.00000000000000 0.00000000000000 0.00000000000000 0.00000000000000 0.00000000000000 0.00000000000000 0.00000000000000 0.00000000000000 0.00000000000000 0.00000000000000 0.00000000000000 0.00000000000000 0.00000000000000 0.00000000000000 0.00000000000000 0.00000000000000 0.00000000000000 0.00000000000000 0.00000000000000 0.00000000000000
# q_mat_dev:
 0.00000000000000 0.00000000000000 0.00000000000000 0.00000000000000 0.00000000000000 0.00000000000000 0.00000000000000 0.00000000000000 0.00000000000000 0.00000000000000 0.00000000000000 0.00000000000000 0.00000000000000 0.00000000000000 0.00000000000000 0.00000000000000 0.00000000000000 0.00000000000000 0.00000000000000 0.00000000000000 0.00000000000000 0.00000000000000 0.00000000000000 0.00000000000000 0.00000000000000 0.00000000000000 0.00000000000000 0.00000000000000 0.00000000000000 0.00000000000000 0.00000000000000 0.00000000000000 0.00000000000000 0.00000000000000 0.00000000000000 0.00000000000000 0.00000000000000 0.00000000000000 0.00000000000000 0.00000000000000 0.00000000000000 0.00000000000000 0.00000000000000 0.00000000000000 0.00000000000000 0.00000000000000 0.00000000000000 0.00000000000000 0.00000000000000
# q_lg_dev:
 0.00000000000000 0.00000000000000 0.00000000000000 0.00000000000000 0.00000000000000 0.00000000000000 0.00000000000000 0.00000000000000 0.00000000000000 0.00000000000000 0.00000000000000 0.00000000000000 0.00000000000000 0.00000000000000 0.00000000000000 0.00000000000000 0.00000000000000 0.00000000000000 0.00000000000000 0.00000000000000 0.00000000000000 0.00000000000000 0.00000000000000 0.00000000000000 0.00000000000000 0.00000000000000 0.00000000000000 0.00000000000000 0.00000000000000 0.00000000000000 0.00000000000000 0.00000000000000 0.00000000000000 0.00000000000000 0.00000000000000 0.00000000000000 0.00000000000000 0.00000000000000 0.00000000000000 0.00000000000000 0.00000000000000 0.00000000000000 0.00000000000000 0.00000000000000 0.00000000000000 0.00000000000000 0.00000000000000 0.00000000000000 0.00000000000000
# log_avg_rec:
18.5296060974
# rec_devs:
 1.52805381207 1.67615147346 -4.76020679100 -1.47585238414 -1.96034500602 -0.0993017922356 -0.461840295862 0.991450847215 0.125250919802 0.412492771090 1.01490203829 0.357088236504 -0.633362687592 -0.314261463145 -1.99634959923 -0.879195306382 -0.770358674126 -0.752143155176 -0.729848792872 -0.209882007085 -1.07853423973 -0.0605619641598 -0.550767921698 1.08558744714 0.521594153125 1.27282259094 -8.07209956464 0.829335929972 0.440534881965 -0.424264403370 -0.785617014765 -0.239154616498 0.970667561936 1.09843794534 0.306776797536 -0.513286003994 -0.596467611278 0.0702650288976 -0.595957763919 0.0713422992646 0.653505344455 1.34538005447 0.319945365553 0.984170608514 -0.602717214619 1.24656724318 1.79711543503 1.56498634749 0.00000000000
# sigma_m:
 1.50000000000 1.50000000000 1.00000000000
# log_m_mu:
 -2.28797064697 -1.31727822527 -1.15751983822
# prop_rec:
 27.7527643334 7.24481582249
# sigma_q:
 2.00500000000 2.00500000000
# log_f:
-1.56156195170
# f_dev:
 -2.06851115366 -1.15228841895 -0.673263239863 -0.507117578026 -0.237328463979 -0.0705000963688 -0.620434820978 -1.10279235597 -2.47762064377 -1.57039568213 -1.72302759117 -0.631588913486 0.571008987326 1.19519742469 1.33106906891 1.64035683081 0.960608487484 0.316169393818 0.146179457212 -0.844970649127 -1.23644874911 -0.179611185820 -0.184169605618 -1.17175813522 -1.82909042211 -0.304303412313 1.77889761180 2.24980854184 0.215474567589 1.18172310876 2.71499739452 2.34956444182 1.93416580108
# fish_ret_sel_50:
141.932751837
# fish_ret_sel_50_post:
137.088033715
# fish_ret_sel_slope:
0.383744786267
# fish_ret_sel_slope_post:
0.147048577917
# fish_tot_sel_slope:
0.125319974122
# est_sel_par:
 0.108380364525 0.120176363413 0.136885426767 0.220658241529 0.227668796689 0.228950129170 0.272425425975 0.278138263979 0.279831210577 0.315140765638 0.351377681124 0.364771385596 0.374473082913 0.404448621472 0.406691292295 0.389605408286 0.392723455613 0.424364186535 0.454964691760 0.464442072196 0.466721103430 0.483315230494 0.473446995651 0.456394674212 0.459508771418 0.446290665067 0.439950695146 0.436039077196 0.429901016849 0.426467087637 0.424486060735 0.424068165285
# est_sel_par2:
 0.0119803406865 0.0259379732075 0.0194185288302 0.0647201248616 0.130720805403 0.113642977421 0.252424508654 0.341241181280 0.334950091238 0.372147443696 0.438005365737 0.443407340848 0.449195147317 0.505633053373 0.534788153819 0.489817005565 0.491244531961 0.503076723274 0.517763608156 0.520999058002 0.482129073755 0.353074810579 0.123815421270 0.0740871787964 0.117686089512 0.131207390561 0.145601215884 0.154915147341 0.168246168163 0.169818941870 0.164822194624 0.150868499715
